00535	00020	00019
00540	00024	00007
00533	00019	-00002
00531	00017	00009
00531	00021	00003
00531	00017	00002
00533	00014	00013
00537	00018	00016
00536	00012	-00002
00536	00015	00004
00537	00015	00009
00536	00006	00002
00534	00015	-00001
00529	00016	00014
00532	00022	00004
00528	00020	00014
00533	00023	00008
00531	00028	-00004
00537	00023	00007
00542	00025	-00002
00539	00025	00017
00536	00021	00005
00535	00016	00016
00532	00019	00015
00533	00023	-00003
00526	00022	00017
00527	00021	00029
00533	00021	00001
00536	00018	00013
00534	00019	00005
00536	00022	00003
00540	00017	00014
00540	00019	-00002
00540	00018	00003
00537	00022	00007
00532	00028	00001
00534	00025	00004
00534	00023	-00003
00532	00020	00014
00534	00023	00009
00527	00023	-00008
00527	00023	00015
00524	00019	00003
00531	00019	00010
00528	00021	00005
00528	00027	00004
00527	00028	-00004
00531	00023	00003
00537	00025	00009
00540	00024	00007
00536	00026	-00005
00538	00025	00006
00534	00025	-00003
00538	00021	00004
00543	00027	00007
00540	00027	-00021
00537	00028	00006
00536	00030	00009
00534	00026	00011
00534	00027	00003
00532	00029	00005
00533	00028	-00006
00528	00027	00002
00531	00028	00005
00529	00022	00002
00532	00023	00003
00534	00022	00004
00538	00021	00006
00530	00020	00013
00534	00024	-00014
00532	00025	00021
00532	00025	00019
00533	00025	00009
00533	00026	00008
00529	00028	00004
00534	00029	00010
00533	00023	00008
00536	00020	00020
00537	00024	00010
00536	00019	00007
00539	00017	00015
00534	00019	00006
00532	00018	00008
00532	00022	-00005
00533	00021	-00003
00531	00015	00000
00532	00019	00009
00535	00023	00002
00535	00024	00002
00532	00023	-00010
00531	00022	-00004
00534	00024	-00010
00529	00022	00006
00525	00026	00003
00525	00028	00004
00523	00022	00007
00531	00020	00014
00525	00022	00016
00528	00020	00006
00533	00019	-00004
00533	00020	00013
00535	00022	-00004
00537	00018	00005
00539	00021	00012
00542	00016	00003
00536	00021	00016
00534	00019	-00002
00534	00011	-00001
00529	00011	00011
00530	00015	00017
00528	00020	00015
00525	00024	00008
00526	00019	00012
00527	00021	00002
00526	00022	-00001
00528	00020	00007
00527	00024	-00011
00526	00024	-00002
00524	00019	00005
00529	00020	00024
00530	00021	-00004
00530	00020	-00009
00529	00018	00009
00529	00011	00003
00528	00015	00000
00531	00010	00006
00529	00019	-00004
00525	00015	00010
00532	00018	00007
00537	00016	00005
00535	00024	00010
00535	00023	00005
00530	00024	00000
00535	00019	00009
00541	00017	00007
00540	00019	00005
00535	00012	00007
00543	00013	00008
00544	00014	00004
00549	00023	00003
00545	00017	-00007
00542	00018	00001
00545	00017	00009
00543	00020	00013
00538	00025	00009
00537	00022	00010
00534	00011	00009
00535	00014	00007
00534	00022	00012
00526	00019	00015
00530	00015	00006
00532	00015	00008
00527	00021	00014
00529	00023	-00006
00528	00024	-00003
00533	00023	00003
00534	00026	00011
00533	00024	00002
00532	00023	-00002
00536	00020	00017
00538	00017	00017
00535	00021	00007
00533	00014	00001
00536	00011	00011
00538	00017	00007
00538	00025	00009
00529	00021	-00009
00526	00023	00007
00529	00022	00010
00528	00029	00003
00521	00030	00013
00521	00026	-00003
00528	00025	00003
00533	00025	-00006
00530	00026	-00012
00531	00023	-00001
00535	00022	00009
00537	00020	-00004
00529	00018	00002
00532	00015	00012
00530	00013	-00012
00528	00018	00004
00527	00015	00010
00521	00022	00002
00523	00017	00004
00531	00019	00008
00525	00022	-00002
00526	00018	00012
00527	00014	00006
00534	00014	00017
00537	00013	00011
00538	00014	00004
00531	00011	00018
00532	00009	00010
00537	00012	00005
00535	00022	00003
00529	00017	00014
00529	00018	00013
00530	00022	00016
00528	00022	00007
00528	00031	00003
00522	00029	00007
00526	00023	00010
00529	00023	-00002
00532	00028	00000
00531	00027	-00003
00535	00028	00016
00540	00023	00010
00540	00021	00006
00537	00023	00000
00530	00029	00005
00529	00018	00005
00527	00020	00002
00526	00022	00009
00523	00023	-00011
00522	00023	00011
00523	00016	00007
00528	00016	00003
00529	00025	00009
00535	00015	-00016
00534	00012	-00004
00542	00015	00005
00542	00020	00005
00539	00022	00009
00540	00023	00010
00538	00022	00012
00544	00024	00010
00541	00026	00004
00541	00029	00018
00537	00022	00019
00543	00023	00008
00542	00022	00006
00538	00021	00010
00541	00023	00019
00534	00025	00005
00531	00023	00001
00531	00030	00002
00527	00030	00004
00525	00027	00003
00527	00027	00017
00522	00020	00016
00529	00027	-00001
00534	00023	00013
00532	00018	00003
00536	00016	-00003
00542	00014	00012
00544	00020	00009
00538	00020	-00010
00541	00018	00004
00536	00017	-00008
00535	00017	00016
00537	00019	00005
00534	00018	00001
00536	00014	-00002
00537	00012	00007
00535	00017	00010
00535	00017	00003
00538	00016	00015
00530	00018	00002
00531	00019	-00008
00532	00021	00014
00538	00018	00003
00538	00018	00012
00535	00028	00009
00533	00023	00011
00540	00019	-00005
00538	00017	-00008
00534	00024	00005
00534	00020	00004
00534	00020	00004
00535	00017	00004
00534	00013	00002
00537	00017	00006
00538	00023	-00004
00538	00015	00006
00537	00019	00006
00534	00019	00005
00535	00016	00007
00536	00020	00007
00529	00019	00006
00532	00018	00003
00532	00023	-00002
00530	00020	-00006
00528	00021	00011
00529	00022	-00002
00530	00017	00013
00533	00017	00000
00529	00014	00010
00532	00017	00007
00529	00015	00007
00533	00009	-00004
00537	00013	-00007
00536	00019	00009
00538	00018	00013
00539	00021	00003
00536	00022	00005
00525	00034	00011
00481	-00019	00243
00432	-00064	01444
00466	-00058	01843
00423	00041	01890
00419	00035	02333
00543	00003	02205
00542	00008	01794
00622	00054	01695
00678	00101	01305
00642	00107	00748
00691	00030	00448
00725	00015	00039
00618	00060	00002
00622	00035	-00008
00583	00056	-00003
00556	00038	00004
00554	00029	00006
00555	00006	-00006
00518	00008	-00011
00507	00012	00005
00520	00017	00013
00551	00014	00001
00561	00003	-00054
00507	00006	-00059
00489	-00003	-00008
00482	-00011	00020
00454	-00027	00173
00446	-00022	00164
00402	-00019	00026
00412	-00011	00020
00452	-00014	00008
00457	-00010	00002
00467	00004	00039
00477	00007	00057
00480	00001	00045
00469	-00005	00052
00425	-00025	00045
00410	-00021	00098
00527	-00038	-00005
00590	-00033	-00005
00584	-00028	-00021
00562	-00023	-00007
00593	-00005	00004
00648	00015	00003
00639	00028	00003
00549	00022	-00046
00489	00022	00009
00504	00028	00010
00532	00024	-00009
00528	00025	00009
00508	00017	00016
00499	00015	00000
00505	00014	00012
00521	00019	00008
00524	00007	00009
00528	00008	00017
00530	00007	00004
00545	00010	00003
00554	00017	-00005
00571	00027	00083
00588	00039	00334
00605	00056	00523
00635	00053	00594
00654	00038	00438
00668	00045	00092
00638	00049	-00311
00571	00041	-00534
00470	00029	-00606
00368	00044	-00542
00243	00087	-00323
00154	00157	-00127
00045	00204	00110
-00014	00262	00356
-00032	00317	00564
-00009	00354	00586
00023	00363	00426
00049	00355	00106
00048	00341	-00089
00059	00328	-00181
00045	00330	-00134
-00002	00347	-00152
-00141	00345	-00049
-00249	00363	00236
-00361	00394	00360
-00459	00415	00271
-00506	00440	00105
-00481	00459	00033
-00431	00445	-00062
-00294	00462	-00100
-00317	00490	-00063
-00264	00509	00007
-00240	00498	00002
-00280	00477	00024
-00375	00471	00165
-00463	00475	00251
-00547	00443	00370
-00570	00422	00377
-00557	00421	00354
-00527	00403	00308
-00479	00371	00125
-00442	00361	-00037
-00444	00354	-00018
-00463	00355	00092
-00496	00352	00167
-00554	00341	00265
-00599	00331	00217
-00613	00333	00147
-00605	00307	00124
-00569	00278	00072
-00523	00245	00071
-00472	00221	00032
-00442	00192	-00008
-00449	00178	00003
-00476	00150	00041
-00477	00133	00100
-00474	00104	00145
-00465	00099	00146
-00446	00085	00125
-00412	00065	00058
-00366	00031	-00079
-00309	00003	-00234
-00290	-00019	-00262
-00314	-00019	-00268
-00376	-00025	-00188
-00428	-00033	-00079
-00472	-00056	-00017
-00489	-00075	-00026
-00496	-00087	-00027
-00458	-00121	-00075
-00400	-00170	-00114
-00353	-00207	-00211
-00357	-00210	-00221
-00429	-00211	-00153
-00516	-00196	00040
-00564	-00190	00227
-00577	-00193	00192
-00588	-00199	00118
-00574	-00203	00048
-00533	-00217	-00037
-00459	-00245	-00112
-00402	-00276	-00146
-00416	-00296	-00152
-00463	-00299	-00091
-00518	-00305	-00001
-00538	-00307	00024
-00531	-00303	-00029
-00542	-00304	-00119
-00551	-00313	-00064
-00552	-00330	-00009
-00544	-00343	00048
-00543	-00358	00092
-00556	-00363	00111
-00567	-00363	00091
-00560	-00364	-00024
-00542	-00368	-00046
-00529	-00377	00004
-00521	-00391	00109
-00512	-00408	00128
-00504	-00424	00147
-00492	-00446	00125
-00472	-00452	00056
-00444	-00462	00039
-00425	-00472	-00028
-00393	-00470	-00076
-00373	-00474	-00119
-00372	-00490	-00155
-00383	-00508	-00047
-00373	-00530	00004
-00363	-00542	00015
-00339	-00542	00008
-00336	-00548	-00018
-00328	-00557	-00049
-00305	-00574	-00017
-00280	-00593	-00056
-00266	-00622	-00154
-00292	-00640	-00166
-00326	-00650	-00050
-00313	-00672	-00035
-00302	-00683	-00062
-00296	-00687	-00055
-00306	-00683	-00071
-00301	-00681	-00065
-00278	-00704	-00016
-00259	-00720	00047
-00244	-00739	00001
-00236	-00743	-00057
-00248	-00756	-00058
-00239	-00749	-00041
-00222	-00757	-00052
-00202	-00761	-00063
-00208	-00774	-00059
-00228	-00775	00001
-00226	-00788	-00012
-00215	-00799	-00034
-00217	-00805	-00041
-00219	-00808	-00041
-00224	-00812	-00028
-00223	-00805	00002
-00227	-00804	00053
-00244	-00792	00125
-00244	-00792	00168
-00240	-00799	00181
-00235	-00798	00128
-00217	-00794	00125
-00206	-00793	00048
-00206	-00781	00011
-00198	-00772	-00045
-00208	-00748	-00089
-00246	-00709	-00017
-00297	-00687	00062
-00330	-00666	00108
-00329	-00649	00166
-00302	-00643	00120
-00258	-00634	00015
-00200	-00626	-00138
-00123	-00634	-00307
-00079	-00621	-00400
-00096	-00584	-00341
-00133	-00542	-00181
-00172	-00506	-00120
-00207	-00468	-00128
-00245	-00438	-00167
-00276	-00399	-00198
-00281	-00370	-00197
-00270	-00346	-00156
-00277	-00315	-00048
-00306	-00275	00044
-00304	-00239	00086
-00279	-00204	00020
-00251	-00174	-00020
-00197	-00159	00039
-00119	-00163	00054
-00041	-00157	-00075
-00004	-00142	-00173
-00034	-00112	-00099
-00083	-00070	-00098
-00139	-00003	-00118
-00205	00068	-00020
-00266	00115	00043
-00280	00137	00084
-00231	00138	00024
-00144	00151	-00028
-00084	00165	-00078
-00009	00171	-00156
00053	00181	-00196
00105	00219	-00279
00115	00263	-00379
00082	00310	-00355
00049	00342	-00242
00009	00370	-00180
-00023	00404	-00117
-00059	00436	-00019
-00077	00472	-00040
-00069	00497	-00142
-00030	00525	-00277
00022	00556	-00414
00052	00578	-00489
00066	00581	-00404
00056	00589	-00334
00026	00611	-00236
-00025	00637	-00212
-00085	00670	-00205
-00134	00705	-00185
-00164	00740	-00130
-00156	00781	-00075
-00119	00818	-00059
-00070	00838	-00092
-00032	00850	-00148
-00006	00859	-00181
-00012	00876	-00139
-00017	00894	-00048
-00025	00900	00011
-00045	00908	00049
-00075	00917	00069
-00076	00932	00102
-00045	00938	00136
-00012	00942	00104
00026	00949	00115
00055	00949	00119
00078	00955	00084
00091	00964	00089
00116	00963	00092
00135	00951	00034
00155	00935	-00028
00150	00927	-00038
00128	00922	00004
00108	00912	00024
00092	00906	00062
00058	00904	00135
00035	00896	00187
00022	00893	00204
00019	00875	00188
00035	00853	00193
00028	00818	00179
00017	00781	00216
00025	00755	00174
00041	00738	00117
00042	00707	00041
00031	00668	-00013
00005	00636	-00006
-00004	00613	00055
-00010	00585	00087
-00034	00541	00139
-00032	00506	00119
00003	00475	-00009
00037	00430	-00206
00034	00398	-00403
-00008	00368	-00286
-00060	00336	-00034
-00118	00289	00266
-00189	00221	00434
-00264	00175	00412
-00309	00145	00349
-00291	00112	00276
-00250	00074	00253
-00203	00040	00259
-00161	00003	00236
-00136	-00035	00199
-00111	-00078	00146
-00096	-00104	00033
-00086	-00142	-00059
-00063	-00194	-00139
-00072	-00250	-00201
-00105	-00274	-00264
-00153	-00295	-00216
-00192	-00323	-00166
-00240	-00371	-00149
-00311	-00401	-00093
-00387	-00414	00021
-00428	-00427	00106
-00422	-00461	00133
-00405	-00509	00133
-00395	-00538	00165
-00357	-00553	00247
-00289	-00588	00184
-00210	-00615	00095
-00153	-00653	00053
-00133	-00666	-00009
-00108	-00702	-00024
-00107	-00727	-00038
-00147	-00719	00027
-00194	-00708	00041
-00247	-00708	00078
-00288	-00711	00091
-00322	-00714	00108
-00332	-00715	00080
-00316	-00730	00030
-00289	-00751	00081
-00256	-00759	00124
-00228	-00747	00048
-00200	-00744	-00030
-00186	-00725	-00011
-00198	-00703	-00014
-00204	-00690	00027
-00219	-00669	00062
-00244	-00659	00113
-00255	-00636	00102
-00251	-00617	00041
-00245	-00594	00009
-00239	-00569	00047
-00215	-00550	00052
-00193	-00527	00005
-00192	-00498	00007
-00196	-00465	-00059
-00209	-00429	-00084
-00225	-00400	-00108
-00246	-00372	-00067
-00263	-00344	-00021
-00269	-00328	00018
-00249	-00310	00019
-00205	-00294	-00028
-00147	-00278	-00097
-00098	-00253	-00208
-00056	-00222	-00159
-00031	-00169	-00182
-00039	-00112	-00143
-00080	-00063	-00074
-00141	-00017	00023
-00164	00012	00052
-00174	00037	00030
-00170	00078	00052
-00145	00101	00046
-00097	00131	00014
-00059	00162	-00073
-00039	00196	-00112
-00051	00243	-00029
-00065	00271	00070
-00060	00271	00133
-00039	00274	00167
-00018	00289	00052
00004	00309	-00008
00027	00325	-00064
00047	00362	-00065
00048	00402	-00030
00019	00447	00007
-00028	00477	00074
-00075	00500	00089
-00120	00528	00109
-00160	00552	00104
-00211	00574	00097
-00259	00598	00121
-00301	00627	00137
-00325	00666	00132
-00350	00694	00139
-00361	00691	00141
-00360	00693	00135
-00357	00692	00160
-00347	00682	00202
-00342	00677	00194
-00358	00676	00111
-00375	00676	00039
-00414	00687	00007
-00434	00691	00032
-00449	00690	00085
-00462	00695	00067
-00499	00690	00065
-00547	00679	00090
-00587	00675	00139
-00618	00661	00168
-00653	00661	00218
-00694	00668	00254
-00732	00665	00263
-00752	00644	00307
-00759	00636	00262
-00765	00616	00261
-00779	00600	00197
-00801	00588	00171
-00852	00584	00126
-00930	00597	00168
-01014	0618	00263
-01091	00618	00323
-01148	00627	00408
-01178	00631	00380
-01213	00617	00340
-01237	00601	00330
-01242	00586	00396
-01234	00569	00345
-01230	00567	00283
-01262	00553	00289
-01309	00536	00246
-01331	00528	00244
-01345	00517	00208
-01381	00508	00200
-01435	00500	00225
-01465	00481	00237
-01476	00468	00151
-01477	00456	00141
-01478	00442	00072
-01491	00434	00104
-01506	00416	00152
-01508	00404	00207
-01531	00399	00167
-01561	00396	00133
-01589	00394	00087
-01610	00397	00126
-01590	00387	00281
-01534	00369	00283
-01463	00346	00262
-01404	00331	00235
-01320	00322	00192
-01253	00307	00100
-01208	00295	00051
-01221	00307	00165
-01256	00307	00423
-01247	00293	00585
-01215	00271	00707
-01152	00254	00753
-01027	00232	00724
-00867	00201	00549
-00698	00153	00393
-00591	00125	00321
-00539	00095	00401
-00522	00066	00588
-00522	00018	00722
-00518	-00012	00754
-00514	-00052	00596
-00492	-00076	00483
-00454	-00100	00357
-00419	-00126	00378
-00385	-00152	00489
-00357	-00169	00534
-00324	-00196	00447
-00296	-00219	00229
-00257	-00240	-00067
-00217	-00269	-00163
-00164	-00292	-00223
-00124	-00327	-00253
-00116	-00341	-00297
-00127	-00359	-00206
-00126	-00403	-00201
-00096	-00462	-00214
-00045	-00501	-00291
00033	-00523	-00300
00106	-00543	-00471
00169	-00579	-00704
00173	-00598	-00882
00125	-00589	-00852
00045	-00573	-00682
-00044	-00587	-00492
-00131	-00607	-00181
-00224	-00637	00047
-00246	-00689	00166
-00153	-00743	-00103
-00034	-00775	-00240
00062	-00818	-00225
00154	-00852	-00081
00239	-00898	-00074
00323	-00934	-00065
00351	-00914	-00113
00312	-00944	-00242
00304	-00960	-00239
00303	-00980	-00145
00307	-00986	-00085
00331	-00986	-00057
00348	-00996	-00142
00337	-00992	-00109
00321	-00983	00002
00349	-00997	00058
00375	-01012	00151
00400	-01037	00234
00432	-01043	00272
00495	-01054	00086
00578	-01078	-00072
00663	-01116	-00189
00682	-01120	-00257
00671	-01102	-00086
00641	-01071	00041
00580	-01043	00169
00528	-01024	00254
00743	-00712	00240
00707	-00682	00218
00482	-00152	-00002
00458	-00141	00030
000407	00107	-00022
00366	00130	-00006
00316	00151	-00004
00029	00373	00167
00006	00376	00200
-00568	00261	-00055
-00666	00251	00055
--00759	00003	00189
-00755	-00015	00191
-00739	-00037	00113
-00288	-00389	-00099
-00270	-00408	-00091
-00037	-00553	00151
00013	-00555	00181
00453	-00638	-00043
00464	-00632	-00067
00690	-00572	-00062
00652	-00545	00021
00602	-00528	00125
00695	-00367	00332
00684	-00342	00256
00202	00000	00305
00193	00002	00313
00085	00193	-00034
00088	00195	-00033
-00211	00485	-00024
-00253	00486	-00033
-00726	00343	00335
-00716	00318	00297
-00384	-00277	-00189
-00491	-00539	00061
-00491	-00538	00023
-00401	-00477	00021
-00410	-00465	00015
-00425	-00454	00011
00274	-00389	00015
-00275	-00380	00016
-00268	-00378	00074
-00106	-00358	00012
00010	-00241	00430
00060	-00235	00336
00114	00027	-00002
00137	00027	-00027
-00008	-00003	-00170
-00071	-00173	00328
-00011	-00189	00242
00317	-00290	-00132
00310	-00298	-00111
-00076	-00241	-00231
-00132	-00239	-00195
-00203	-00230	-00164
-00291	-00223	-00116
-00371	-00211	-00070
-00444	-00199	-00022
-00504	-00184	00029
-00524	-00173	00040
-00541	-00173	00004
-00533	-00173	-00001
-00516	-00179	-00029
-00498	-00185	-00057
-00485	-00192	-00051
-00496	-00185	-00055
-00518	-00172	-00018
-00545	-00166	00028
-00576	-00158	00056
-00590	-00153	00061
-00596	-00147	00046
-00582	-00150	00042
-00556	-00159	-00006
-00531	-00172	-00069
-00522	-00177	-00084
-00533	-00174	-00038
-00563	-00166	-00018
-00586	-00161	00046
-00607	-00151	00048
-00621	-00142	00052
-00622	-00137	00028
-00611	-00137	00003
-00591	-00139	-00005
-00570	-00142	00005
-00562	-00143	00034
-00556	-00151	00058
-00563	-00154	00089
-00573	-00152	00102
-00571	-00147	00114
-00569	-00147	00112
-00569	-00145	00133
-00564	-00149	00202
-00541	-00156	00250
-00503	-00165	00294
-00455	-00184	00286
-00384	-00207	00227
-00315	-00217	00110
-00258	-00231	00044
-00218	-00240	00111
-00184	-00256	00116
-00166	-00271	00122
-00166	-00279	00143
-00186	-00288	00185
-00179	-00299	00227
-00152	-00313	00263
-00083	-00336	00279
-00005	-00349	00205
00072	-00369	00117
00145	-00387	00062
00215	-00408	00057
00273	-00429	00040
00311	-00447	00045
00338	-00460	00029
00356	-00472	00045
00367	-00481	-00004
00398	-00488	00003
00408	-00486	-00054
00398	-00480	-00036
00383	-00472	00071
00377	-00466	00175
00389	-00476	00233
00433	-00494	00234
00488	-00518	00238
00578	-00541	00122
00664	-00561	00049
00734	-00575	00038
00769	-00571	00059
00773	-00544	00022
00761	-00514	00042
00713	-00465	00052
00669	-00440	00076
00636	-00412	00099
00611	-00399	00117
00609	-00383	00121
00621	-00387	00114
00656	-00397	00049
00703	-00411	00042
00745	-00407	-00027
00765	-00390	-00028
00770	-00356	-00075
00764	-00309	-00065
00752	-00264	-00078
00724	-00224	-00129
00676	-00176	-00087
00644	-00155	-00091
00627	-00138	-00090
00621	-00146	-00107
00614	-00168	-00176
00609	-00183	-00232
00602	-00203	-00327
00590	-00212	-00396
00549	-00224	-00464
00476	-00232	-00454
00387	-00228	-00359
00300	-00235	-00258
00211	-00249	-00187
00128	-00274	-00123
00047	-00294	-00118
-00003	-00309	-00071
-00015	-00334	-00079
-00017	-00375	-00071
-00023	-00418	-00076
-00034	-00447	-00071
-00044	-00473	-00048
-00048	-00504	-00060
-00060	-00550	-00062
-00079	-00587	-00103
-00112	-00594	-00152
-00163	-00603	-00127
-00217	-00615	-00046
-00267	-00626	-00040
-00318	-00625	-00014
-00349	-00626	00028
-00370	-00642	00020
-00367	-00669	-00031
-00365	-00700	-00045
-00374	-00717	-00028
-00383	-00727	-00100
-00392	-00751	-00081
-00428	-00756	-00082
-00482	-00799	00117
-00479	-00770	00082
-00482	-00792	00070
-00475	-00802	00028
-00475	-00812	00051
-00469	-00811	00037
-00451	-00800	00030
-00423	-00802	-00008
-00432	-00846	-00094
-00458	-00830	-00072
-00477	-00851	00041
-00491	-00860	00135
-00494	-00873	00163
-00502	-00866	00179
-00526	-00851	00167
-00534	-00826	00199
-00522	-00809	00248
-00491	-00795	00259
-00440	-00788	00249
-00392	-00790	00215
-00353	-00783	00148
-00314	-00792	00187
-00277	-00801	00184
-00270	-00776	00176
-00288	-00738	00247
-00319	-00707	00261
-00337	-00673	00284
-00352	-00659	00232
-00337	-00639	00175
-00305	-00620	00193
-00253	-00627	00199
-00201	-00621	00205
-00158	-00596	00237
-00128	-00572	00195
-00097	-00538	00154
-00080	-00496	00103
-00078	-00443	00089
-00078	-00405	00053
-00068	-00385	00030
-00057	-00373	-00034
-00040	-00355	00000
-00021	-00341	00022
-00001	-00348	00060
00028	-00333	00077
00033	-00316	00040
00034	-00272	-00010
00034	-00230	-00022
00033	-00192	-00051
00033	-00158	-00025
00023	-00145	-00022
00009	-00150	00036
00013	-00152	00120
00034	-00174	00115
00069	-00183	00093
00097	-00175	00029
00135	-00149	-00053
00171	-00118	-00113
00191	-00071	-00113
00203	-00019	-00107
00189	00042	-00124
00160	00088	-00138
00119	00117	-00092
00077	00147	-00037
00045	00162	00036
00059	00160	00085
00079	00156	00045
00102	00156	00000
00137	00156	-00038
00169	00161	-00057
00188	00164	-00034
00194	00181	00046
00192	00194	00045
00173	00224	00049
00151	00240	00028
00138	00253	-00006
00132	00269	-00031
00138	00281	00001
00152	00288	00023
00155	00294	00026
00163	00290	00029
00157	00289	00042
00157	00300	00079
00156	00308	00109
00162	00318	00111
00157	00327	00056
00163	00344	00019
00171	00357	-00043
00195	00377	-00020
00191	00382	00005
00188	00398	00061
00168	00414	00122
00170	00414	00167
00176	00421	00160
00187	00429	00117
00201	00440	00054
00230	00452	00005
00263	00453	-00052
00291	00468	-00117
00282	00491	-00078
00244	00505	-00034
00216	00508	00064
00185	00511	00122
00160	00509	00154
00150	00517	00144
00164	00531	00120
00197	00547	00052
00240	00559	-00006
00263	00572	-00025
00278	00587	-00032
00286	00602	-00015
00282	00613	00026
00267	00626	00047
00245	00640	00029
00222	00654	00023
00205	00664	00007
00190	00680	00031
00189	00683	00052
00206	00666	00030
00218	00644	00002
00219	00615	-00014
00211	00588	-00014
00212	00565	00007
00216	00538	-00012
00208	00514	-00094
00190	00510	-00146
00159	00502	-00198
00132	00500	-00185
00114	00473	-00055
00104	00434	-00010
00090	00409	-00032
00064	00383	-00060
00051	00353	-00120
00028	00338	-00178
00006	00321	-00114
-00022	00299	-00057
-00051	00275	00091
-00063	00248	00161
-00064	00198	00170
-00045	00150	00158
-00014	00104	00076
00011	00071	00084
00032	00043	00106
00039	00020	00125
00021	00010	00213
00000	00003	00255
-00014	-00014	00253
-00010	-00051	00155
00005	-00087	00089
00025	-00119	00060
00050	-00143	00079
00076	-00164	00053
00085	-00184	00067
00081	-00221	00083
00072	-00246	00096
00069	-00283	00158
00077	-00332	00128
00098	-00384	00065
00136	-00425	00019
00158	-00464	-00129
00191	-00484	-00183
00210	-00509	-00179
00195	-00530	-00157
00174	-00526	-00097
00142	-00527	-00065
00112	-00517	-00065
00067	-00490	-00040
00016	-00475	00100
-00027	-00442	00182
-00038	-00401	00201
-00028	-00379	00236
-00001	-00357	00125
00027	-00353	00066
00049	-00348	00068
00066	-00338	00076
00093	-00323	00102
00101	-00292	00098
00090	-00259	00052
00066	-00214	00021
00055	-00176	-00042
00049	-00139	-00024
00032	-00103	00017
00012	-00078	00053
-00006	-00044	00259
-00024	-00013	00287
-00037	00012	00195
-00036	00047	00118
-00019	00076	00002
00018	00101	-00117
00044	00117	-00132
00085	00127	-00022
00110	00143	00072
00122	00179	00065
00128	00199	00072
00121	00242	00005
00112	00302	-00042
00114	00334	-00094
00102	00376	-00107
00084	00400	-00036
00095	00401	00020
00110	00420	00017
00127	00415	-00006
00118	00412	-00040
00113	00438	-00042
00104	00466	-00021
00108	00485	-00029
00109	00506	-00028
00091	00519	00005
00090	00529	-00021
00086	00526	00008
00103	00509	00033
00107	00497	-00002
00114	00492	00024
00113	00490	00053
00112	00498	00085
00101	00497	00065
00102	00496	00061
00101	00497	00060
00109	00493	00057
00122	00478	00023
00141	00466	-00012
00156	00445	-00124
00170	00428	-00117
00178	00400	-00124
00178	00382	-00143
00165	00343	-00149
00141	00318	-00132
00124	00292	-00152
00098	00272	-00171
00076	00252	-00241
00067	00225	-00188
00055	00182	-00179
00039	00151	-00196
00015	00115	-00156
-00010	00080	-00139
-00036	00044	-00134
-00078	00009	-00068
-00106	-00022	00060
-00126	-00050	00071
-00129	-00083	00043
-00102	-00114	00043
-00064	-00154	-00052
-00010	-00188	-00066
00046	-00231	-00092
00079	-00250	-00168
00092	-00264	-00223
00082	-00266	-00270
00045	-00270	-00282
-00007	-00280	-00234
-00045	-00300	-00140
-00076	-00318	-00080
-00104	-00345	-00053
-00120	-00376	-00067
-00173	-00396	-00099
-00140	-00428	-00033
-00133	-00449	-00006
-00115	-00455	-00056
-00108	-00445	-00062
-00119	-00430	00009
-00115	-00423	00006
-00086	-00409	-00025
-00118	-00400	-00006
-00150	-00425	00107
-00192	-00441	00185
-00198	-00447	00277
-00191	-00453	00300
-00188	-00431	00286
-00156	-00417	00265
-00115	-00413	00163
-00086	-00387	00152
-00065	-00372	00264
-00048	-00377	00283
-00020	-00370	0030
00008	-00377	00322
00024	-00353	00204
00045	-00306	00158
00082	-00260	00081
00095	-00210	00032
00070	-00150	00030
00006	-00114	00091
-00031	-00090	00153
-00059	-00087	00178
-00080	-00078	00207
-00095	-00059	00210
-00083	-00024	00166
-00060	00021	00137
-00033	00063	00006
-00013	00111	-00055
-00016	00154	-00060
-00026	00177	00000
-00023	00180	00051
00001	00184	00011
00026	00199	00053
00056	00206	00013
00064	00238	-00016
00068	00275	-00038
00074	00311	-00004
00082	00353	-00030
00066	00378	-00074
00017	00401	-00075
-00027	00414	00020
-00054	00426	00098
-00054	00425	00163
-00025	00416	00164
00007	00407	00051
00040	00410	-00026
00088	00405	-00083
00116	00398	-00059
00134	00383	-00042
00126	00375	00017
00099	00362	00001
00086	00343	-00002
00083	00311	-00037
00100	00274	-00079
00138	00230	-00113
00164	00188	-00246
00146	00166	-00322
00115	00146	-00264
00083	00121	-00132
00051	00091	-00134
00002	00051	-00112
-00046	00008	-00120
-00084	-00024	-00087
-00100	-00077	-00048
-00114	-00143	-00029
-00135	-00184	00008
-00152	-00216	-00025
-00158	-00243	-00036
-00153	-00295	-00004
-00123	-00347	00052
-00079	-00385	00048
-00014	-00421	-00024
00055	-00451	-00127
00092	-00467	-00246
00104	-00478	-00263
00100	-00467	-00254
00077	-00468	-00220
00030	-00458	-00228
-00036	-00440	-00153
-00094	-00432	-00105
-00125	-00433	-00057
-00137	-00438	00032
-00139	-00449	00123
-00133	-00444	00164
-00146	-00451	00232
-00156	-00442	00398
-00141	-00426	00466
-00099	-00407	00453
-00035	-00377	00372
00015	-00341	00253
00080	-00300	00244
00161	-00255	00238
00226	-00209	00282
00230	-00164	00190
00216	-00097	00102
00203	-00038	-00059
00162	00016	-00172
00118	00035	-00076
00063	00055	00003
00022	00056	00147
00016	00040	00171
00007	00012	00227
00006	-00035	00252
00056	-00081	00222
00140	-00115	00229
00244	-00143	00130
00301	-00155	00020
00325	-00167	-00018
00331	-00169	00097
00329	-00163	00147
00308	-00162	00248
00272	-00170	00292
00257	-00176	00270
00271	-00194	00296
00343	-00219	00349
00429	-00241	00338
00517	-00258	00304
00620	-00290	00198
00736	-00333	00067
00874	-00333	-00260
00882	-00292	-00050
00913	-00287	00130
00948	-00298	00087
00966	-00325	00108
00977	-00343	00168
00954	-00319	00203
00990	-00419	-00054
01081	-00472	-00119
01093	-00483	-00186
01074	-00473	-00230
01055	-00443	-00166
01012	-00414	-00044
00979	-00375	00071
00957	-00368	00055
00957	-00377	-00065
00962	-00388	-00111
00973	-00397	-00232
00997	-00411	-00305
00992	-00422	-00409
00940	-00401	-00531
00840	-00379	-00617
00691	-00343	-00636
00531	-00313	-00559
00348	-00291	-00405
00184	-00259	-00261
00025	-00249	-00208
-00085	-00250	-00185
-00168	-00242	-00211
-00206	-00247	-00246
-00206	-00254	-00330
-00204	-00263	-00435
-00240	-00252	-00487
-00323	-00222	-00435
-00399	-00201	-00377
-00490	-00192	-00357
-00582	-00171	-00387
-00689	-00149	-00391
-00790	-00129	-00362
-00860	-00118	-00241
-00912	-00107	-00101
-00961	-00092	-00047
-01023	-00078	-00052
-01094	-00061	00002
-01158	-00047	00156
-01184	-00033	00470
-01154	-00041	00605
-01066	-00074	00637
-00916	-00095	00641
-00736	-00132	00508
-00478	-00183	00339
-00259	-00240	00081
-00063	-00278	-00044
00048	-00293	-00067
00096	-00293	00036
00130	-00289	00204
00146	-00281	00281
00173	-00257	00345
00233	-00240	00321
00328	-00246	00198
00424	-00246	00051
00478	-00252	00001
00472	-00243	00016
00440	-00223	00199
00407	-00219	00422
00391	-00223	00550
00412	-00224	00585
00476	-00240	00515
00569	-00247	00403
00688	-00244	00174
00778	-00239	00014
00820	-00216	-00128
00809	-00180	-00063
00732	-00129	-00023
00635	-00060	00039
00522	00008	00104
00417	00060	00176
00331	00100	00297
00289	00121	00384
00274	00138	00372
00300	00151	00291
00334	00134	00196
00373	00125	00119
00415	00119	00077
00445	00135	00032
00447	00169	-00036
00415	00217	-00066
00337	00264	-00168
00251	00316	-00198
00145	00348	-00199
00057	00373	-00148
-00021	00373	-00069
-00067	00358	-00030
-00114	00344	-00018
-00149	00319	00041
-00185	00297	00123
-00214	00294	00160
-00264	00292	00209
-00321	00298	00216
-00380	00303	00172
-00433	00302	00094
-00500	00310	00120
-00564	00307	00211
-00616	00302	00285
-00640	00293	00296
-00653	00273	00283
-00677	00258	00235
-00700	00243	00140
-00711	00229	00140
-00723	00232	00120
-00754	00211	00110
-00796	00208	00086
-00827	00198	00063
-00858	00181	00050
-00890	00165	00045
-00905	00146	00034
-00924	00139	00042
-00963	00150	00067
-00985	00129	00137
-00979	00106	00186
-00937	00067	00242
-00876	-00003	00173
-00817	-00075	00102
-00773	-00128	00039
-00754	-00159	00082
-00764	-00180	00169
-00761	-00230	00257
-00732	-00268	00305
-00677	-00314	00232
-00600	-00363	00127
-00502	-00434	00085
-00377	-00500	00086
-00272	-00544	00171
-00209	-00553	00255
-00197	-00533	00260
-00189	-00489	00201
-00180	-00457	00189
-00181	-00437	00207
-00176	-00433	00289
-00158	-00431	00452
-00123	-00425	00512
-00063	-00432	00503
-00016	-00442	00447
00053	-00438	00402
00126	-00425	00372
00199	-00408	00318
00232	-00367	00227
00216	-00317	00322
00187	-00267	00459
00156	-00243	00514
00154	-00206	00449
00185	-00183	00296
00260	-00144	00052
00358	-00127	-00098
00414	-00087	-00311
00424	-00025	-00357
00406	00070	-00221
00359	00128	-00247
00289	00180	-00256
00202	00201	-00273
00161	00223	-00249
00152	00254	-00339
00134	00293	-00341
00089	00340	-00261
00038	00384	-00097
-00017	00424	00092
-00069	00474	00194
-00123	00506	00202
-00134	00494	00169
-00086	00453	00107
-00005	00402	00037
00075	00358	-00083
00119	00339	-00232
00134	00328	-00366
00127	00311	-00453
00080	00291	-00427
00002	00276	-00338
-00123	00264	-00110
-00197	00229	00031
-00245	00185	00099
-00268	00144	-00047
-00271	00121	-00228
-00265	00097	-00330
-00229	00076	-00397
-00185	00051	-00256
-00133	00008	-00313
-00092	-00040	-00475
-00083	-00080	-00567
-00089	-00158	-00511
-00075	-00215	-00460
-00082	-00281	-00327
-00116	-00328	-00284
-00194	-00341	-00098
-00246	-00373	00188
-00269	-00391	00308
-00287	-00414	00476
-00275	-00437	00581
-00242	-00428	00625
-00200	-00407	00552
-00132	-00379	00512
-00066	-00349	00519
-00014	-00320	00522
00031	-00294	00631
00092	-00271	00671
00188	-00257	00651
00319	-00254	00438
00420	-00275	00055
00509	-00257	-00170
00554	-00229	-00139
00565	-00182	-00171
00528	-00119	-00111
00397	-00030	-00049
00234	00052	00064
00094	00138	00288
00001	00186	00354
-00002	00208	00305
00050	00217	00119
00087	00228	-00034
00128	00240	-00129
00161	00260	-00170
00156	00293	-00167
00106	00325	-00107
00015	00371	-00071
-00078	00406	00023
-00161	00416	00017
-00216	00433	00055
-00257	00444	00074
-00281	00459	00118
-00289	00495	00151
-00284	00500	00157
-00249	00496	00096
-00214	00468	-00044
-00192	00430	-00171
-00211	00413	-00253
-00273	00411	-00203
-00362	00387	00083
-00461	00365	00224
-00524	00337	00280
-00531	00322	00224
-00497	00302	00150
-00382	00223	00155
-00253	00126	-00038
-00136	00046	-00121
-00078	00005	-00016
-00052	-00048	00086
-00050	-00107	00068
-00053	-00170	-00003
-00089	-00201	-00299
-00148	-00215	-00400
-00202	-00240	-00306
-00239	-00286	-00079
-00268	-00329	00085
-00295	-00397	00203
-00307	-00466	00246
-00274	-00549	00231
-00191	-00621	00192
-00095	-00674	00130
-00033	-00689	00065
-00018	-00669	00031
-00036	-00620	00075
-00072	-00564	00105
-00121	-00509	00197
-00205	-00446	00367
-00244	-00411	00497
-00224	-00399	00512
-00155	-00399	00306
-00063	-00400	00135
00013	-00376	-00033
00094	-00345	-00100
00123	-00306	-00187
00096	-00220	-00127
00016	-00132	-00032
-00122	-00043	00123
-00238	00027	00369
-00308	00069	00526
-00300	00066	00479
-00225	00065	00245
-00132	00069	00133
-00025	00079	00008
00076	00106	-00084
00158	00173	-00078
00150	00249	-00176
00085	00350	-00144
00010	00392	-00058
-00050	00416	00019
-00058	00427	00038
-00033	00415	-00037
-00004	00395	-00082
00037	00384	-00100
00053	00404	-00078
00043	00450	-00018
00001	00502	00071
-00052	00550	00092
-00102	00573	00102
-00103	00582	00029
00155	00360	-00335
00149	00338	-00424
00300	-00300	-00382
00264	-00321	-00343
-00234	-00299	-00114
-00252	-00277	-00095
-00380	-00118	00079
-00373	-00102	00082
-00240	-00112	00093
-00241	-00116	00065
-00225	-00109	00053
